8 5 40 20 54 40 79 38 6 96 : 7-7, 4-7
86 59 88 6 37 90 71 70 38 2 62 : 8-7, 3-1, 4-3, 6-9, 3-6, 8-1
40 46 64 85 25 29 36 59 99 77 17 34 16 76 29 58 : 11-7, 9-12, 10-5
86 10 20 8 91 36 22 78 90 57 7 68 35 10 35 18 : 12-4, 7-12, 5-5
23 40 46 95 98 90 80 5 93 20 45 47 20 91 41 2 56 64 83 72 : 2-15, 9-3, 16-16, 17-13, 10-0, 2-18, 0-6, 10-2, 9-19, 8-16, 9-10
84 70 73 66 32 38 76 74 98 57 80 6 86 4 9 100 100 4 21 : 16-8, 0-2
41 35 6 93 53 5 4 77 3 63 29 39 32 29 26 77 33 8 22 : 11-17, 16-17, 1-2, 16-10, 12-3, 9-15, 7-15, 2-18, 5-15
35 91 62 92 75 64 9 40 82 74 59 76 26 38 78 39 58 23 66 : 9-13, 7-17
45 61 51 60 71 55 52 83 100 87 68 65 74 100 88 45 : 10-2, 4-8
22 27 30 98 51 67 62 1 61 89 7 85 60 28 : 7-6, 1-11, 8-1, 4-0, 10-11, 13-5, 0-4
66 20 71 80 34 53 88 27 52 67 68 32 50 68 9 85 90 40 8 44 : 1-17
70 15 49 37 6 67 68 90 92 47 1 31 4 : 4-8, 7-11, 1-5, 12-12, 1-3
24 40 87 48 89 97 51 81 1 68 62 41 15 84 72 : 14-9, 10-13, 9-14, 3-3, 1-2, 3-2
40 44 49 76 17 50 92 58 7 71 11 99 61 21 74 99 45 57 : 4-15, 4-12, 16-9, 13-15, 7-2, 4-12, 13-11, 5-4, 0-0, 7-7
9 46 86 45 9 25 100 36 26 99 64 26 43 : 1-4
73 66 46 30 64 74 100 42 8 96 : 8-7
4 46 6 63 51 97 40 24 34 19 82 44 13 27 99 70 43 : 16-0, 2-13, 7-4, 14-1, 9-13, 0-4, 4-10, 6-5, 4-16
63 58 56 79 2 11 59 75 30 76 96 72 : 9-4, 6-5, 2-2, 1-9, 8-11, 9-5, 7-5
86 90 83 58 5 1 33 67 23 8 31 40 12 : 0-3, 10-9, 8-0, 3-11, 12-4
53 4 11 70 90 58 97 23 54 34 83 5 41 29 12 2 : 1-8, 11-0, 4-15, 15-1
25 92 60 46 58 23 4 14 29 29 81 : 7-10
81 29 34 67 16 25 76 25 19 3 84 57 8 74 9 11 16 8 68 : 2-15, 10-12
90 40 69 62 19 57 93 98 45 5 69 79 92 : 3-1, 8-11, 2-4, 2-3, 2-11, 1-3, 6-0
15 33 2 71 98 5 83 93 74 32 39 16 26 27 53 13 65 36 : 1-10, 13-4, 10-12, 0-17
20 13 17 86 80 24 49 24 82 14 21 31 16 82 7 30 : 3-13, 5-1, 1-8
90 4 7 21 83 68 26 78 94 66 : 9-2, 4-4
61 96 13 77 93 68 32 80 16 9 52 5 82 79 75 82 : 6-10
16 84 29 52 36 10 26 13 52 90 : 1-3, 3-8
54 66 56 13 97 48 90 41 8 85 48 61 80 62 : 2-4, 10-4, 13-9, 1-6, 3-11, 5-1
43 60 95 15 88 75 50 19 28 75 82 62 31 72 51 82 88 95 : 10-15, 12-2, 3-16, 3-13
81 13 37 44 52 35 59 8 90 65 18 : 4-8, 1-3, 6-8, 7-10
23 85 71 9 77 28 64 22 80 53 45 57 81 : 7-11, 10-0, 4-0
39 54 96 74 95 49 51 56 31 99 16 45 : 4-5, 8-5, 1-11, 9-6, 10-4, 0-7
29 81 65 26 8 27 1 77 81 84 19 30 66 57 99 59 9 17 : 16-3, 14-7, 15-16, 14-14, 1-10, 10-8, 4-8
18 23 83 85 40 31 70 59 36 28 68 72 : 1-9, 4-1, 1-2, 0-5, 4-0, 1-6
75 18 52 89 76 26 80 12 22 66 47 87 84 57 14 11 98 73 55 29 : 17-7, 19-0, 18-11, 4-19, 13-0, 13-11, 3-2
83 9 46 18 18 97 3 53 58 49 46 27 93 12 32 42 63 : 1-9
35 35 17 22 67 8 43 17 58 29 91 72 51 21 91 : 6-12, 12-3
94 35 19 99 11 53 41 9 14 30 50 : 0-10, 9-10, 2-9
19 88 29 78 83 79 74 79 34 97 : 3-8
4 14 70 98 15 69 11 73 71 76 : 7-3, 4-3, 2-3, 7-3
27 17 28 38 38 40 54 86 36 30 77 24 63 2 90 : 11-10, 4-11, 3-5
5 20 12 30 59 7 84 34 59 99 : 4-3, 2-5, 7-8, 2-7, 4-3
49 34 3 45 66 85 79 20 96 28 70 57 : 7-0
63 54 36 58 72 18 73 14 88 88 17 : 8-8, 7-10, 0-7, 3-1
35 66 1 53 98 23 70 56 79 17 70 31 21 52 99 : 2-3, 10-12, 2-8, 12-0, 8-6, 4-4
46 21 43 22 51 25 33 75 63 34 97 54 32 40 : 8-1, 10-4, 5-9, 0-7, 3-13, 10-10, 3-9, 5-3
12 96 47 60 69 86 5 82 99 100 : 4-5, 1-7
58 85 84 99 58 47 44 22 99 73 : 1-1, 7-4, 2-1, 4-0
4 42 99 3 100 48 43 87 93 95 100 55 : 0-3, 5-1, 1-1
20 48 9 57 44 97 41 62 30 73 78 94 43 76 18 64 73 45 58 56 : 3-0, 3-18, 13-4, 10-10, 17-0, 16-13, 2-7, 19-19, 14-13, 0-2, 10-10
19 54 18 41 82 80 79 23 67 22 80 : 0-2, 9-8, 3-5, 5-10, 2-10
99 87 9 6 96 24 14 60 76 53 : 7-5, 2-7, 1-7, 7-4, 5-2, 3-6
53 33 12 85 57 83 57 61 90 91 : 5-7
30 60 85 45 2 99 75 40 32 74 18 3 19 40 : 10-12, 5-9
84 41 68 17 56 21 26 2 92 54 38 9 8 48 65 61 : 12-12, 12-14, 3-13, 14-0, 3-14
27 80 68 44 79 83 71 27 68 74 24 24 66 71 43 5 80 43 : 10-10, 5-10, 6-17, 13-1
59 91 28 24 76 72 46 90 73 92 71 98 91 62 56 24 : 7-12, 1-15, 1-1, 3-15, 1-3
81 54 34 6 79 41 95 80 76 51 86 9 37 75 33 1 16 84 28 : 16-0, 3-12, 0-6, 18-17, 16-1, 14-7
13 82 90 22 61 80 17 44 96 19 43 39 52 54 : 4-4, 4-0
67 63 34 17 86 87 20 7 32 11 : 9-3
29 77 85 75 56 69 58 65 17 29 : 7-3, 8-9, 3-9
60 11 71 48 17 50 38 62 86 36 42 46 69 88 25 33 30 81 11 : 13-0, 0-9, 0-6, 15-3, 6-11, 5-12
90 91 66 92 36 91 68 87 84 39 90 89 44 25 37 92 : 9-4, 13-0, 3-8
4 61 83 61 56 97 3 41 30 11 46 83 86 3 : 12-11, 6-12, 12-7, 1-2, 0-4, 4-1, 2-4
78 61 84 32 65 42 84 80 20 12 66 16 73 55 99 : 10-8, 6-2, 8-3, 11-3
11 85 48 87 25 10 34 76 66 28 48 14 43 60 : 8-10, 6-13, 3-6, 10-7, 6-8, 5-12, 10-4, 13-11
32 44 96 7 77 70 34 83 65 63 29 2 76 66 55 87 17 20 13 89 : 14-1, 7-17
33 18 67 63 50 50 17 60 2 34 48 21 59 63 40 19 : 7-3
48 53 71 37 21 90 80 18 80 88 85 70 13 83 13 18 100 64 91 95 : 10-0, 6-1, 1-13, 5-18, 14-5, 13-4, 16-17, 12-15, 12-0, 6-5, 4-12
81 61 85 24 74 41 3 31 93 71 76 : 8-6, 6-1
5 83 13 29 48 4 21 43 60 5 : 5-0
23 15 9 23 83 83 50 39 30 92 : 9-0, 3-4, 7-8, 1-1
78 20 46 3 24 9 48 75 68 44 66 52 36 18 97 : 9-6, 6-13, 3-13, 8-6, 8-8
48 70 25 33 5 39 77 78 17 57 61 56 64 53 25 91 3 11 64 : 18-1, 11-2, 0-9, 9-0, 18-5, 4-13, 0-12, 6-12, 7-11, 4-13
88 19 74 62 2 94 56 89 80 10 76 39 87 100 8 : 10-7, 1-8, 2-5, 9-0
83 2 74 86 32 93 28 14 4 87 4 86 9 92 2 31 : 12-12, 14-15, 8-15, 7-4, 0-1, 10-3
55 94 3 42 80 71 93 6 49 49 9 17 49 49 94 91 : 1-10, 5-8, 0-5, 4-3, 4-10, 9-8, 5-10, 8-0, 14-3
63 45 49 55 26 89 93 45 48 2 72 65 50 : 5-1, 11-2, 0-8, 2-11, 6-8
11 96 98 81 24 73 83 70 83 78 44 30 : 3-3, 7-5, 2-0
57 14 10 78 43 31 47 31 78 62 83 59 24 : 10-6, 6-7, 3-7, 5-4, 6-10
8 24 82 15 58 10 57 95 93 84 18 53 7 85 50 22 : 12-1, 13-0, 7-9, 2-4, 14-13, 2-4, 7-9, 14-7
39 41 47 49 24 47 27 37 48 69 60 : 2-5, 8-8, 2-5
69 97 79 80 10 78 39 75 69 83 81 81 72 26 : 2-10
64 72 5 31 30 46 7 48 36 70 8 40 25 78 18 22 93 : 16-9, 9-10, 4-13
57 54 47 32 27 31 97 89 75 28 54 75 51 18 38 : 2-14, 13-10, 8-13, 0-0
36 40 67 85 13 29 38 70 36 92 16 64 76 65 : 11-0, 10-1, 7-10, 13-6, 8-8, 5-11
5 83 7 4 65 78 12 25 20 18 68 67 94 41 49 38 72 82 67 : 18-12, 15-8, 15-17, 4-0
70 26 46 25 27 31 88 21 87 97 73 66 86 46 1 42 97 76 27 : 11-7, 17-16, 10-15, 12-17, 3-6, 2-4, 1-2, 7-13, 11-8
8 96 13 73 78 91 8 44 66 15 : 4-3, 4-1, 0-9
35 98 9 77 91 9 47 93 33 50 90 : 2-8, 8-8, 3-4
73 10 97 70 40 76 18 19 64 66 27 32 91 100 17 23 96 39 35 14 : 5-6, 0-14, 16-16, 17-16, 12-18, 0-2, 18-3, 3-6, 11-3
89 100 73 98 9 22 21 39 37 77 97 87 39 6 : 5-0, 7-13, 11-7, 13-0, 8-9, 4-0, 7-11, 1-5
40 41 36 88 81 44 33 7 32 58 30 3 30 94 35 36 6 36 : 11-0, 7-4, 11-14, 17-15, 0-8, 3-0, 12-3, 11-8, 5-14
92 19 81 40 62 66 94 29 59 27 3 36 83 33 : 10-8, 6-9
52 90 20 34 26 94 57 60 95 95 59 8 72 42 48 27 86 8 71 50 : 4-7, 13-1, 14-5, 11-7, 4-0
86 52 63 93 40 11 43 69 23 58 80 15 60 53 70 27 : 8-7, 3-7
49 26 69 47 30 70 86 2 87 65 94 47 64 60 24 97 : 15-0, 3-12, 3-5, 0-9, 7-15, 9-14
32 51 96 96 77 75 96 18 100 74 61 72 27 49 90 94 29 : 11-0, 8-7, 11-1, 10-4, 10-11, 3-2
3 11 89 48 13 25 62 52 26 88 36 80 40 54 12 33 37 22 87 34 : 1-17, 18-18, 1-11